255 255 255 255 255 255 255 255 255 255 255 255 255 255 255 255
255 112  64  64  64 207 207 207 255 112 207  64  64  64 112 255
255  64 239 191 191 191  64 207  64 159 191 191 191 239  64 255
255  64 191   0 191 191  64 207  64 159 191 191   0 191  64 255
255  64 191 191 143 191 191 191 239  96 191 143 191 191  64 255
255 207 191 191 191 239 191  48 239 239 239 191 191 191 207 255
255 112 191  48  96 239 112  64  64  64 143 143  96  96 255 255
255 112   0 143  96 239  64  16  64 207   0   0  96 239 112 255
255 207 207 207 191 239  48  48 239 191 239  96  16  64  64 255
255 207 112 112 191  96  48  48 239 191 191  48 207 255 207 255
255 207 191 191 191 239 159 159  16 159 239 239  64 207 207 255
255  64 191 191 143 191  16 159  64 207 239 239  16  16  64 255
255  64 191   0 191 191 191 239 112  64  64  16  48  48 207 255
255  64 239 191 191 191 143 191 207 159 112 207 239  96  64 255
255 112  64  64  64 207  64 207 207 207 255 255 112 112 112 255
255 255 255 255 255 255 255 255 255 255 255 255 255 255 255 255
255 255 255 255 255 255 255 255 255 255 255 255 255 255 255 255
255 112  64  64  64 207 207 207 255 112 207  64  64  64 112 255
255  64 239 191 191 191  64 207  64 159 191 191 191 239  64 255
255  64 191   0 191 191  64 207  64 159 191 191   0 191  64 255
255  64 191 191 143 191 191 191 239  96 191 143 191 191  64 255
255 207 191 191 191 239 191  48 239 239 239 191 191 191 207 255
255 112 191  48  96 239 112  64  64  64 143 143  96  96 255 255
255 112   0 143  96 239  64  16  64 207   0   0  96 239 112 255
255 207 207 207 191 239  48  48 239 191 239  96  16  64  64 255
255 207 112 112 191  96  48  48 239 191 191  48 207 255 207 255
255 207 191 191 191 239 159 159  16 159 239 239  64 207 207 255
255  64 191 191 143 191  16 159  64 207 239 239  16  16  64 255
255  64 191   0 191 191 191 239 112  64  64  16  48  48 207 255
255  64 239 191 191 191 143 191 207 159 112 207 239  96  64 255
255 112  64  64  64 207  64 207 207 207 255 255 112 112 112 255
255 255 255 255 255 255 255 255 255 255 255 255 255 255 255 255
255 255 255 255 255 255 255 255 255 255 255 255 255 255 255 255
255 112  64  64  64 207 207 207 255 112 207  64  64  64 112 255
255  64 239 191 191 191  64 207  64 159 191 191 191 239  64 255
255  64 191   0 191 191  64 207  64 159 191 191   0 191  64 255
255  64 191 191 143 191 191 191 239  96 191 143 191 191  64 255
255 207 191 191 191 239 191  48 239 239 239 191 191 191 207 255
255 112 191  48  96 239 112  64  64  64 143 143  96  96 255 255
255 112   0 143  96 239  64  16  64 207   0   0  96 239 112 255
255 207 207 207 191 239  48  48 239 191 239  96  16  64  64 255
255 207 112 112 191  96  48  48 239 191 191  48 207 255 207 255
255 207 191 191 191 239 159 159  16 159 239 239  64 207 207 255
255  64 191 191 143 191  16 159  64 207 239 239  16  16  64 255
255  64 191   0 191 191 191 239 112  64  64  16  48  48 207 255
255  64 239 191 191 191 143 191 207 159 112 207 239  96  64 255
255 112  64  64  64 207  64 207 207 207 255 255 112 112 112 255
255 255 255 255 255 255 255 255 255 255 255 255 255 255 255 255

255 254 254 254 254 255 255 254 254 254 255 254 255 254 254 255
254 170 129 130 135 210 229 156 122 181 174 144 209 134 168 254
254 129 159 128 145 126 133 137  97 216 202  69 123 120 157 254
254 130 128  51 138 134 122 139 119 150 122  56  97 137 150 254
254 135 145 138 132 119  83  46  95  82 114 152  73 176 228 255
255 204 113 111 155 156 100  79 153 132  99 114  65 133 193 255
255 192 111 107 148 182 125 163 178 160 119 118  69 120 181 255
255 232 168 116 138 138  71 126 212 186  84  70  91 171 220 255
255 218 198 144 116  94  67  61 112 132 120  95 123 150 212 255
255 201 118 103 115 156 166 101  84  79 122 111 135  95 133 254
255 210 124 128 114 138 186 131 125 111 147 155 164 136 158 254
254 135 145 138 132 158 134 147 170 129 122 132 138 145 135 254
254 130 128  51 138 166 138 160 195 130 128 138  51 128 130 254
254 129 159 128 145 144 139 107 181 136 117 145 128 159 129 254
254 170 129 130 135 158 153 150 180 180 165 135 130 129 170 254
255 254 254 254 254 254 254 254 254 255 255 254 254 254 254 255
255 254 254 254 254 255 255 254 254 254 255 254 255 254 254 255
254 170 129 130 135 210 229 156 122 181 174 144 209 134 168 254
254 129 159 128 145 126 133 137  97 216 202  69 123 120 157 254
254 130 128  51 138 134 122 139 119 150 122  56  97 137 150 254
254 135 145 138 132 119  83  46  95  82 114 152  73 176 228 255
255 204 113 111 155 156 100  79 153 132  99 114  65 133 193 255
255 192 111 107 148 182 125 163 178 160 119 118  69 120 181 255
255 232 168 116 138 138  71 126 212 186  84  70  91 171 220 255
255 218 198 144 116  94  67  61 112 132 120  95 123 150 212 255
255 201 118 103 115 156 166 101  84  79 122 111 135  95 133 254
255 210 124 128 114 138 186 131 125 111 147 155 164 136 158 254
254 135 145 138 132 158 134 147 170 129 122 132 138 145 135 254
254 130 128  51 138 166 138 160 195 130 128 138  51 128 130 254
254 129 159 128 145 144 139 107 181 136 117 145 128 159 129 254
254 170 129 130 135 158 153 150 180 180 165 135 130 129 170 254
255 254 254 254 254 254 254 254 254 255 255 254 254 254 254 255
255 254 254 254 254 255 255 254 254 254 255 254 255 254 254 255
254 170 129 130 135 210 229 156 122 181 174 144 209 134 168 254
254 129 159 128 145 126 133 137  97 216 202  69 123 120 157 254
254 130 128  51 138 134 122 139 119 150 122  56  97 137 150 254
254 135 145 138 132 119  83  46  95  82 114 152  73 176 228 255
255 204 113 111 155 156 100  79 153 132  99 114  65 133 193 255
255 192 111 107 148 182 125 163 178 160 119 118  69 120 181 255
255 232 168 116 138 138  71 126 212 186  84  70  91 171 220 255
255 218 198 144 116  94  67  61 112 132 120  95 123 150 212 255
255 201 118 103 115 156 166 101  84  79 122 111 135  95 133 254
255 210 124 128 114 138 186 131 125 111 147 155 164 136 158 254
254 135 145 138 132 158 134 147 170 129 122 132 138 145 135 254
254 130 128  51 138 166 138 160 195 130 128 138  51 128 130 254
254 129 159 128 145 144 139 107 181 136 117 145 128 159 129 254
254 170 129 130 135 158 153 150 180 180 165 135 130 129 170 254
255 254 254 254 254 254 254 254 254 255 255 254 254 254 254 255

255 254 254 254 255 255 255 255 255 254 254 254 254 254 254 255
254 168 157 150 228 193 181 220 212 133 158 135 130 129 170 254
254 134 120 137 176 133 120 171 150  95 136 145 128 159 129 254
255 209 123  97  73  65  69  91 123 135 164 138  51 128 130 254
254 144  69  56 152 114 118  70  95 111 155 132 138 145 135 254
255 174 202 122 114  99 119  84 120 122 147 122 128 117 165 255
254 181 216 150  82 132 160 186 132  79 111 129 130 136 180 255
254 122  97 119  95 153 178 212 112  84 125 170 195 181 180 254
254 156 137 139  46  79 163 126  61 101 131 147 160 107 150 254
255 229 133 122  83 100 125  71  67 166 186 134 138 139 153 254
255 210 126 134 119 156 182 138  94 156 138 158 166 144 158 254
254 135 145 138 132 155 148 138 116 115 114 132 138 145 135 254
254 130 128  51 138 111 107 116 144 103 128 138  51 128 130 254
254 129 159 128 145 113 111 168 198 118 124 145 128 159 129 254
254 170 129 130 135 204 192 232 218 201 210 135 130 129 170 254
255 254 254 254 254 255 255 255 255 255 255 254 254 254 254 255
255 254 254 254 255 255 255 255 255 254 254 254 254 254 254 255
254 168 157 150 228 193 181 220 212 133 158 135 130 129 170 254
254 134 120 137 176 133 120 171 150  95 136 145 128 159 129 254
255 209 123  97  73  65  69  91 123 135 164 138  51 128 130 254
254 144  69  56 152 114 118  70  95 111 155 132 138 145 135 254
255 174 202 122 114  99 119  84 120 122 147 122 128 117 165 255
254 181 216 150  82 132 160 186 132  79 111 129 130 136 180 255
254 122  97 119  95 153 178 212 112  84 125 170 195 181 180 254
254 156 137 139  46  79 163 126  61 101 131 147 160 107 150 254
255 229 133 122  83 100 125  71  67 166 186 134 138 139 153 254
255 210 126 134 119 156 182 138  94 156 138 158 166 144 158 254
254 135 145 138 132 155 148 138 116 115 114 132 138 145 135 254
254 130 128  51 138 111 107 116 144 103 128 138  51 128 130 254
254 129 159 128 145 113 111 168 198 118 124 145 128 159 129 254
254 170 129 130 135 204 192 232 218 201 210 135 130 129 170 254
255 254 254 254 254 255 255 255 255 255 255 254 254 254 254 255
255 254 254 254 255 255 255 255 255 254 254 254 254 254 254 255
254 168 157 150 228 193 181 220 212 133 158 135 130 129 170 254
254 134 120 137 176 133 120 171 150  95 136 145 128 159 129 254
255 209 123  97  73  65  69  91 123 135 164 138  51 128 130 254
254 144  69  56 152 114 118  70  95 111 155 132 138 145 135 254
255 174 202 122 114  99 119  84 120 122 147 122 128 117 165 255
254 181 216 150  82 132 160 186 132  79 111 129 130 136 180 255
254 122  97 119  95 153 178 212 112  84 125 170 195 181 180 254
254 156 137 139  46  79 163 126  61 101 131 147 160 107 150 254
255 229 133 122  83 100 125  71  67 166 186 134 138 139 153 254
255 210 126 134 119 156 182 138  94 156 138 158 166 144 158 254
254 135 145 138 132 155 148 138 116 115 114 132 138 145 135 254
254 130 128  51 138 111 107 116 144 103 128 138  51 128 130 254
254 129 159 128 145 113 111 168 198 118 124 145 128 159 129 254
254 170 129 130 135 204 192 232 218 201 210 135 130 129 170 254
255 254 254 254 254 255 255 255 255 255 255 254 254 254 254 255

255 254 254 254 254 255 255 254 254 254 254 254 254 254 254 255
254 170 129 130 135 165 180 180 150 153 158 135 130 129 170 254
254 129 159 128 145 117 136 181 107 139 144 145 128 159 129 254
254 130 128  51 138 128 130 195 160 138 166 138  51 128 130 254
254 135 145 138 132 122 129 170 147 134 158 132 138 145 135 254
254 158 136 164 155 147 111 125 131 186 138 114 128 124 210 255
254 133  95 135 111 122  79  84 101 166 156 115 103 118 201 255
255 212 150 123  95 120 132 112  61  67  94 116 144 198 218 255
255 220 171  91  70  84 186 212 126  71 138 138 116 168 232 255
255 181 120  69 118 119 160 178 163 125 182 148 107 111 192 255
255 193 133  65 114  99 132 153  79 100 156 155 111 113 204 255
255 228 176  73 152 114  82  95  46  83 119 132 138 145 135 254
254 150 137  97  56 122 150 119 139 122 134 138  51 128 130 254
254 157 120 123  69 202 216  97 137 133 126 145 128 159 129 254
254 168 134 209 144 174 181 122 156 229 210 135 130 129 170 254
255 254 254 255 254 255 254 254 254 255 255 254 254 254 254 255
255 254 254 254 254 255 255 254 254 254 254 254 254 254 254 255
254 170 129 130 135 165 180 180 150 153 158 135 130 129 170 254
254 129 159 128 145 117 136 181 107 139 144 145 128 159 129 254
254 130 128  51 138 128 130 195 160 138 166 138  51 128 130 254
254 135 145 138 132 122 129 170 147 134 158 132 138 145 135 254
254 158 136 164 155 147 111 125 131 186 138 114 128 124 210 255
254 133  95 135 111 122  79  84 101 166 156 115 103 118 201 255
255 212 150 123  95 120 132 112  61  67  94 116 144 198 218 255
255 220 171  91  70  84 186 212 126  71 138 138 116 168 232 255
255 181 120  69 118 119 160 178 163 125 182 148 107 111 192 255
255 193 133  65 114  99 132 153  79 100 156 155 111 113 204 255
255 228 176  73 152 114  82  95  46  83 119 132 138 145 135 254
254 150 137  97  56 122 150 119 139 122 134 138  51 128 130 254
254 157 120 123  69 202 216  97 137 133 126 145 128 159 129 254
254 168 134 209 144 174 181 122 156 229 210 135 130 129 170 254
255 254 254 255 254 255 254 254 254 255 255 254 254 254 254 255
255 254 254 254 254 255 255 254 254 254 254 254 254 254 254 255
254 170 129 130 135 165 180 180 150 153 158 135 130 129 170 254
254 129 159 128 145 117 136 181 107 139 144 145 128 159 129 254
254 130 128  51 138 128 130 195 160 138 166 138  51 128 130 254
254 135 145 138 132 122 129 170 147 134 158 132 138 145 135 254
254 158 136 164 155 147 111 125 131 186 138 114 128 124 210 255
254 133  95 135 111 122  79  84 101 166 156 115 103 118 201 255
255 212 150 123  95 120 132 112  61  67  94 116 144 198 218 255
255 220 171  91  70  84 186 212 126  71 138 138 116 168 232 255
255 181 120  69 118 119 160 178 163 125 182 148 107 111 192 255
255 193 133  65 114  99 132 153  79 100 156 155 111 113 204 255
255 228 176  73 152 114  82  95  46  83 119 132 138 145 135 254
254 150 137  97  56 122 150 119 139 122 134 138  51 128 130 254
254 157 120 123  69 202 216  97 137 133 126 145 128 159 129 254
254 168 134 209 144 174 181 122 156 229 210 135 130 129 170 254
255 254 254 255 254 255 254 254 254 255 255 254 254 254 254 255
